200
18 kebab 705 712 57 -61
103 fruit_platter 520 563 38 -99
119 pizza 707 730 10 -101
121 cake 590 624 43 -33
168 cake 25 63 21 -10
177 corn_bisque 450 526 27 -46
207 french_fries 65 129 42 -53
345 kebab 829 873 25 -2
349 cake 81 121 110 -110
374 hamburger 940 972 73 -23
379 fruit_platter 487 503 78 -108
416 french_fries 252 340 21 -15
432 cake 771 868 41 -32
435 sashimi 550 571 106 -50
442 fruit_platter 258 306 99 -44
458 cake_2 902 968 93 -56
462 kebab 207 241 81 -28
536 corn_bisque 58 126 99 -12
546 fruit_platter 341 368 99 -41
565 hamburger 883 948 59 -14
574 fruit_platter 348 394 88 -29
612 kebab 368 403 24 -9
648 fruit_platter 875 957 44 -8
653 pizza 799 877 64 -40
746 french_fries 995 1027 52 -26
762 hamburger 459 543 28 -6
804 kebab 128 222 108 -68
818 fruit_platter 468 566 74 -28
856 sashimi 801 870 96 -44
891 corn_bisque 271 351 10 -12
896 hamburger 860 868 66 -50
901 cake_2 926 1021 63 -82
904 pizza 792 833 35 -1
934 fruit_platter 818 857 21 -19
943 pizza 827 843 65 -89
964 kebab 905 935 28 -102
980 pizza 558 613 74 -77
1061 hamburger_2 335 360 8 -69
1062 french_fries 742 744 50 -5
1068 french_fries 256 347 108 -100
1111 sashimi 656 685 81 -8
1112 hamburger 776 845 85 -37
1138 pizza 298 309 97 -105
1155 sashimi 910 979 27 -87
1162 corn_bisque 854 864 44 -107
1166 sashimi 0 29 103 -91
1186 sashimi 532 610 68 -106
1198 kebab 920 997 0 -87
1199 kebab 436 535 28 -14
1207 hamburger 375 389 38 -90
1246 hamburger 111 111 62 -34
1248 sashimi 384 385 15 -85
1254 cake 368 434 61 -43
1266 hamburger 207 288 14 -24
1276 pizza 494 558 27 -94
1287 corn_bisque 584 621 42 -97
1304 french_fries 871 886 34 -53
1307 kebab 369 381 65 -20
1321 hamburger_2 906 983 35 -22
1330 french_fries 348 365 32 -13
1336 kebab 541 587 66 -49
1390 cake_2 622 632 74 -57
1438 cake_2 613 631 146 -75
1442 sashimi 792 863 39 -10
1452 corn_bisque 564 658 72 -7
1465 cake_2 390 396 30 -50
1485 hamburger_2 626 680 37 -39
1486 hamburger_2 937 957 87 -25
1506 kebab 983 1077 47 -22
1516 kebab 435 529 81 -76
1518 sashimi 700 770 68 -95
1531 french_fries 145 159 98 -91
1537 hamburger_2 806 858 102 -20
1539 sashimi 352 428 40 -8
1547 pizza 970 990 43 -25
1568 corn_bisque 356 363 69 -33
1573 hamburger_2 324 413 14 -74
1583 kebab 395 456 77 -81
1601 sashimi 348 379 34 -12
1603 hamburger 494 561 23 -31
1633 corn_bisque 980 1079 100 -94
1649 sashimi 589 589 45 -62
1669 fruit_platter 563 647 38 -7
1678 pizza 109 156 79 -2
1729 cake 456 518 88 -46
1753 hamburger 116 122 110 -41
1767 cake 165 197 54 -35
1770 kebab 786 807 17 -89
1806 kebab 76 98 71 -44
1822 hamburger 994 1042 24 -10
1845 kebab 706 772 15 -30
1887 cake_2 393 468 57 -13
1901 corn_bisque 821 884 82 -34
1915 fruit_platter 25 55 63 -64
1917 kebab 870 924 29 -11
1920 pizza 252 328 21 -71
1935 kebab 498 574 32 -16
1938 cake 467 552 103 -48
1964 fruit_platter 396 460 110 -45
1968 corn_bisque 492 532 45 -15
2022 cake 135 224 107 -33
2074 corn_bisque 664 701 90 -34
2075 cake 323 420 37 -27
2121 french_fries 890 933 27 -64
2125 sashimi 536 621 10 -73
2140 french_fries 116 177 40 -25
2161 hamburger 98 125 19 -6
2304 fruit_platter 736 786 15 -31
2319 hamburger_2 129 171 19 -11
2328 corn_bisque 368 381 96 -97
2342 cake 859 937 95 -104
2350 fruit_platter 703 717 40 -6
2386 hamburger 562 626 102 -33
2396 corn_bisque 494 564 36 -76
2430 french_fries 170 175 66 -1
2451 french_fries 114 151 78 -16
2486 sashimi 734 795 29 -30
2509 corn_bisque 757 838 83 -40
2522 hamburger 968 1018 79 -102
2524 hamburger 48 147 101 -69
2528 hamburger 836 931 35 -43
2564 hamburger_2 623 654 23 -8
2587 pizza 371 441 86 -103
2663 cake 388 431 32 -34
2714 cake_2 185 234 25 -33
2798 cake 777 785 4 -16
2808 sashimi 677 738 26 -21
2846 hamburger_2 56 77 98 -84
2852 fruit_platter 567 643 93 -110
2861 hamburger 117 158 58 -77
2891 kebab 673 681 37 -24
2937 cake 355 417 43 -21
2951 cake_2 962 1007 85 -68
3028 sashimi 416 433 83 -49
3082 hamburger 5 80 21 -91
3098 cake 397 479 22 -30
3172 cake 303 316 47 -78
3214 pizza 46 62 98 -93
3217 corn_bisque 533 545 58 -32
3233 hamburger_2 305 385 74 -88
3246 sashimi 141 169 36 -30
3272 sashimi 190 285 67 -35
3327 pizza 85 153 50 -18
3393 cake_2 590 686 24 -78
3397 hamburger_2 657 657 66 -98
3399 corn_bisque 601 697 90 -58
3415 kebab 503 510 92 -70
3461 pizza 203 244 97 -8
3467 kebab 281 374 64 -23
3475 sashimi 133 179 21 -53
3478 cake 626 677 83 -46
3494 pizza 571 599 45 -93
3539 french_fries 178 206 109 -10
3549 fruit_platter 661 754 92 -33
3550 cake 843 890 80 -59
3551 hamburger_2 499 584 0 -16
3611 cake_2 590 662 31 -20
3639 french_fries 307 358 1 -19
3644 kebab 185 190 60 -106
3675 hamburger_2 848 854 88 -93
3735 corn_bisque 410 448 22 -98
3771 sashimi 945 1010 109 -28
3795 fruit_platter 799 878 52 -13
3820 sashimi 398 477 31 -10
3837 sashimi 869 898 95 -108
3839 corn_bisque 946 1029 28 -12
3960 hamburger 531 595 30 -1
3986 sashimi 598 660 108 -61
3988 fruit_platter 127 161 57 -65
3994 corn_bisque 992 1003 97 -81
4045 hamburger_2 687 719 70 -84
4052 corn_bisque 504 595 24 -4
4063 pizza 574 585 28 -100
4100 pizza 175 202 129 -94
4107 corn_bisque 572 585 30 -19
4119 cake_2 999 1058 90 -71
4153 pizza 692 781 40 -5
4181 pizza 125 221 36 -89
4246 sashimi 982 1041 140 -81
4254 fruit_platter 307 333 21 -10
4290 pizza 922 951 73 -4
4297 french_fries 847 925 13 -10
4481 kebab 729 738 28 -95
4520 sashimi 626 724 2 -3
4524 french_fries 829 860 34 -46
4552 corn_bisque 973 1032 105 -13
4553 french_fries 351 400 6 -11
4575 hamburger_2 260 293 21 -9
4647 corn_bisque 357 400 102 -29
4655 hamburger 387 425 28 -90
4691 cake 849 888 48 -4
4724 cake_2 307 385 56 -50
4728 hamburger 469 568 29 -39
4786 french_fries 905 919 88 -92
4789 cake 666 718 11 -22
4800 corn_bisque 859 898 55 -101
4812 sashimi 590 673 41 -31
4872 cake 623 649 76 -11
4886 pizza 782 814 58 -21
4983 hamburger_2 440 482 39 -29